5.711613430500000250e+05
6.080026324599999934e+05
6.005531731800000416e+05
6.152197966399999568e+05
6.264548558000000194e+05
6.266050088400000241e+05
6.246426452199999476e+05
6.260581806199999992e+05
6.259941202300000004e+05
6.174061206900000107e+05
6.256750337000000291e+05
6.275971965899999486e+05
6.365685394200000446e+05
6.173246969599999720e+05
6.274684539199999999e+05
6.334857935000000289e+05
6.258409746799999848e+05
6.259356962999999523e+05
6.248187104400000535e+05
6.235485598999999929e+05
6.346666451200000010e+05
6.367237363299999852e+05
6.384189974399999483e+05
6.242158107199999504e+05
6.231133173099999549e+05
