3.866662846900000004e+05
4.101092869300000020e+05
4.235470830500000156e+05
4.146077308300000150e+05
4.144113576699999976e+05
4.106019334299999755e+05
4.219353323899999959e+05
4.156484456600000267e+05
4.141343464500000118e+05
4.186163611399999936e+05
4.221241265099999728e+05
4.228986680599999963e+05
4.133445877300000284e+05
4.171268304200000130e+05
4.078026029599999893e+05
4.147826462199999951e+05
4.206215205100000021e+05
4.139013700599999866e+05
4.225446608000000124e+05
4.169156355200000107e+05
4.076295384799999883e+05
4.140471839000000036e+05
4.220297388999999966e+05
4.104905330700000050e+05
4.189907955499999807e+05
