3.252324745799999801e+05
3.440190441299999948e+05
3.519520955899999826e+05
3.470319548799999757e+05
3.530363842999999761e+05
3.373537674000000115e+05
3.543280954800000181e+05
3.518677546599999769e+05
3.425752970600000117e+05
3.380936447899999912e+05
3.445671718000000110e+05
3.398384087699999800e+05
3.388572017500000075e+05
3.344606502399999881e+05
3.370068421000000089e+05
3.446921636399999843e+05
3.481282927200000267e+05
3.362801877499999828e+05
3.455543357599999872e+05
3.402042090099999914e+05
3.380132616600000183e+05
3.438319965199999860e+05
3.403511696499999962e+05
3.399456297699999996e+05
3.527817834799999837e+05
