5.380464841899999883e+05
5.629300176800000481e+05
5.750366625299999723e+05
5.550312503700000234e+05
5.628513402400000487e+05
5.728709861899999669e+05
5.849455142800000031e+05
5.728374128600000404e+05
5.680794923300000373e+05
5.788277075000000186e+05
5.645990541199999861e+05
5.706016073999999790e+05
5.743913315299999667e+05
5.819800579200000502e+05
5.650117955300000031e+05
5.856983414199999534e+05
5.701405691899999510e+05
5.516902076299999608e+05
5.710097203100000042e+05
5.840333520899999421e+05
5.699196530700000003e+05
5.776708872899999842e+05
5.746178428500000155e+05
5.485384278100000229e+05
5.778493285600000527e+05
