3.279141898500000243e+05
3.349060799300000072e+05
3.379225377100000042e+05
3.403317503199999919e+05
3.383620328699999955e+05
3.438104837800000096e+05
3.471691066800000262e+05
3.492671672499999986e+05
3.381789540999999736e+05
3.432324779800000251e+05
3.501025381400000188e+05
3.426424804299999960e+05
3.416043446300000069e+05
3.435570619399999850e+05
3.408755244800000219e+05
3.421940266500000143e+05
3.435276525999999722e+05
3.431575611999999965e+05
3.414745582300000242e+05
3.484396264100000262e+05
3.451671120799999917e+05
3.384418763700000127e+05
3.470091429999999818e+05
3.363878029799999786e+05
3.444391555999999982e+05
