4.848614303000000073e+05
5.182376883599999710e+05
5.145960715600000112e+05
5.280476468800000148e+05
5.251889789399999427e+05
5.167440195500000264e+05
5.434949434399999445e+05
5.251277428099999670e+05
5.292247939300000435e+05
5.257897659200000344e+05
5.425991594000000041e+05
5.357489822799999965e+05
5.448586736899999669e+05
5.290983728099999717e+05
5.393368160699999426e+05
5.255139622900000541e+05
5.465281422599999933e+05
5.271346868800000520e+05
5.372513768599999603e+05
5.308482689699999755e+05
5.242288740899999975e+05
5.343617517399999779e+05
5.385197412999999942e+05
5.183119612799999886e+05
5.312194953299999470e+05
