6.019308954300000332e+05
6.118685254199999617e+05
6.206309458099999465e+05
6.094839516399999848e+05
6.214399980900000082e+05
6.393835542000000132e+05
6.343421796099999920e+05
6.382836760200000135e+05
6.273845302799999481e+05
6.306848733800000045e+05
6.244107042000000365e+05
6.360577378000000026e+05
6.308202110800000373e+05
6.239699027899999637e+05
6.195703138800000306e+05
6.301370326199999545e+05
6.104866111899999669e+05
6.317083867999999784e+05
6.344292772800000384e+05
6.341783052100000205e+05
6.274316463099999819e+05
6.353956804499999853e+05
6.454276424099999713e+05
6.368458437299999641e+05
6.357302048299999442e+05
