4.438114206899999990e+05
4.521685869100000127e+05
4.602519148000000278e+05
4.658350740099999821e+05
4.574180156599999755e+05
4.563855467100000242e+05
4.564766595300000045e+05
4.694191573699999717e+05
4.768876645900000003e+05
4.730810342999999993e+05
4.811223401699999813e+05
4.805949967099999776e+05
4.718135703199999989e+05
4.785697208499999833e+05
4.584424112099999911e+05
4.622666552900000243e+05
4.759373452099999995e+05
4.650331542299999855e+05
4.790874794400000246e+05
4.722060829800000065e+05
4.766034413899999927e+05
4.664783875899999985e+05
4.773415192699999898e+05
4.762851029299999936e+05
4.627935797400000156e+05
