6.184793591399999568e+05
6.194689825000000419e+05
6.240239046300000045e+05
6.208152552000000142e+05
6.207958022300000302e+05
6.243448436000000220e+05
6.242546184399999911e+05
6.185473191899999510e+05
6.173865316099999472e+05
6.219441653399999486e+05
6.326054800599999726e+05
6.260647517600000137e+05
6.255324970700000413e+05
6.138936318500000052e+05
6.159219436099999584e+05
6.267481150899999775e+05
6.313276302600000054e+05
6.126593414399999892e+05
6.275150933799999766e+05
6.274097654199999524e+05
6.262541031700000167e+05
6.202383608600000152e+05
6.272599831599999452e+05
6.227079362099999562e+05
6.250044063399999868e+05
