4.126669915000000037e+05
4.257234967199999955e+05
4.225492529900000081e+05
4.323045736199999810e+05
4.439032948699999833e+05
4.207430067699999781e+05
4.329665038000000059e+05
4.452214301700000069e+05
4.387157768599999836e+05
4.358317436899999739e+05
4.536609916700000176e+05
4.378280699700000114e+05
4.329281754000000074e+05
4.248666907299999730e+05
4.351896862599999877e+05
4.464691228099999717e+05
4.463190490499999723e+05
4.338406644600000000e+05
4.293568042300000088e+05
4.384712082599999849e+05
4.374996067499999772e+05
4.428794849299999769e+05
4.388188354200000176e+05
4.282753460300000152e+05
4.353439313199999742e+05
