3.591615406700000167e+05
3.807800078799999901e+05
3.894315817299999762e+05
3.820814300400000066e+05
3.935162303299999912e+05
3.756086059499999974e+05
3.958580806200000225e+05
3.863542935500000021e+05
3.964781568599999882e+05
3.793646064999999944e+05
3.962610924099999829e+05
3.887840771999999997e+05
3.853063084399999934e+05
3.785824922900000238e+05
3.909787377299999935e+05
3.949797046100000152e+05
3.968068881999999867e+05
3.968467264399999985e+05
3.910435076600000029e+05
3.854591643700000132e+05
3.930882859499999904e+05
3.935451968500000075e+05
3.939329382699999842e+05
3.962967772499999846e+05
4.038766342600000207e+05
