3.609275595399999875e+05
3.665730022999999928e+05
3.751435803399999859e+05
3.836921108799999929e+05
3.795406363199999905e+05
3.790509579099999974e+05
3.879479982200000086e+05
3.844901371700000018e+05
3.683656785800000071e+05
3.753752706800000160e+05
3.830352537199999788e+05
3.830749962999999989e+05
3.872787382399999769e+05
3.791359572799999733e+05
3.837182965700000059e+05
3.872150993400000152e+05
3.883641003800000180e+05
3.743536564600000274e+05
3.761510482099999790e+05
3.885827794299999950e+05
3.857385555499999900e+05
3.812563808299999801e+05
3.904030549200000241e+05
3.792316356399999931e+05
3.906475848300000071e+05
