4.183455676300000050e+05
4.506399842400000198e+05
4.390681322100000107e+05
4.446050367199999746e+05
4.565916969099999988e+05
4.462875619900000165e+05
4.557748832999999868e+05
4.634574349400000065e+05
4.543092661799999769e+05
4.619795739000000176e+05
4.766660959099999745e+05
4.694371166499999817e+05
4.651339242799999774e+05
4.628591723399999901e+05
4.629583852399999741e+05
4.659134376100000227e+05
4.744901406899999711e+05
4.652564386500000255e+05
4.681940069500000100e+05
4.645304500000000116e+05
4.723632174699999741e+05
4.604528761199999717e+05
4.653978050200000289e+05
4.675170417700000107e+05
4.628343649800000130e+05
