5.523636110099999933e+05
5.808539956500000553e+05
5.860792070600000443e+05
5.847072343899999978e+05
5.952311468099999474e+05
5.898881625200000126e+05
5.963832426500000292e+05
5.978047564700000221e+05
6.036518987999999663e+05
5.906944968700000318e+05
5.916431384199999738e+05
6.029818546599999536e+05
5.851157923200000077e+05
5.873534758099999744e+05
5.875194470399999991e+05
6.050549523200000403e+05
5.857968255999999819e+05
5.903713145100000547e+05
5.768391313999999547e+05
5.918873844100000570e+05
5.979170828200000105e+05
5.952589150499999523e+05
5.897948298900000518e+05
5.859282397999999812e+05
5.871251952499999898e+05
