6.733572312300000340e+05
6.940732006899999687e+05
6.947825807900000364e+05
7.049196375799999805e+05
7.068304912999999942e+05
7.128826757500000531e+05
6.988780665599999484e+05
7.028912739999999758e+05
7.111545411900000181e+05
7.040103112899999833e+05
6.884142060000000056e+05
7.098395831799999578e+05
7.084171361599999946e+05
7.015419081899999874e+05
7.044946223300000420e+05
7.067666426800000481e+05
7.093525396500000497e+05
6.840351495199999772e+05
6.991325972199999960e+05
6.999696185800000094e+05
7.173329356799999950e+05
6.957773857599999756e+05
6.942937222899999470e+05
7.119502166399999987e+05
7.133918962299999548e+05
